;Exported by: Jag
;Date:        Sun Nov 28 14:46:43 2010
;File:        E:\3D Work\Models\x\T-17_x.max
{Skeleton
	{bone "basis"
		{Orientation
			1	0	0
			0	-1	0
			0	0	1
		}
		{bone "body"
			{parameters "ID=body;"}
			{Matrix34
				0	0.999417	-0.0341371
				-1	0	0
				0	0.0341371	0.999417
				0.0130694	-0.616242	21.7086
			}
			{VolumeView "body.ply"}
			{bone "detail2"
				{parameters "ID=body;"}
				{Matrix34
					0.999417	0	0.0341373
					0	1	0
					-0.0341373	0	0.999417
					-1.46886	-10.0854	3.76806
				}
				{VolumeView "detail2.ply"}
			}
			{bone "engine"
				{parameters "ID=engine;"}
				{Position 0.378452	27.497	9.23827}
				{VolumeView "engine.ply"}
			}
			{bone revolute "turret"
				{parameters "ID=turret;"}
				{speed 0.008}
				{Matrix34
					0.0011655	-0.999417	-0.0341173
					0.999417	0	0.0341371
					-0.0341172	-0.0341372	0.998835
					0.486251	-7.43966	11.6224
				}
				{VolumeView "turret.ply"}
				{bone revolute "gun_rot"
					{parameters "ID=gun;"}
					{limits -20 15}
					{speed 0.01}
					{Matrix34
						0.998835	-0.0341369	0.0341171
						0.034137	0	-0.999417
						0.034117	0.999417	0.00116511
						15.6079	-2.93896	5.83877
					}
					{VolumeView "gun_rot.ply"}
					{bone "gun"
						{parameters "ID=gun;"}
						{Matrix34
							-0.0341169	0.0341369	0.998835
							-0.999417	0	-0.0341368
							-0.00116563	-0.999417	0.034117
							14.4622	-0.03722	0.491775
						}
						{VolumeView "gun.ply"}
					}
				}
				{bone "part1"
					{parameters "ID=turret;"}
					{Matrix34
						0.00116538	0.999417	-0.0341172
						-0.999417	0	-0.0341369
						-0.034117	0.0341372	0.998834
						-8.60013	2.3884	13.2623
					}
					{VolumeView "part1.ply"}
				}
				{bone "part2"
					{parameters "ID=turret;"}
					{Matrix34
						0.00116538	0.999417	-0.0341172
						-0.999417	0	-0.0341369
						-0.034117	0.0341372	0.998834
						-8.60128	-10.4588	13.2958
					}
					{VolumeView "part2.ply"}
				}
				{bone revolute "gun2"
					{parameters "ID=gun2;"}
					{limits 0 10}
					{speed 0.005}
					{Matrix34
						0.999606	-0.0155848	-0.0233595
						0.0233729	0.000676613	0.999727
						-0.0155648	-0.999878	0.00104061
						-15.6348	-0.159509	14.1025
					}
					{VolumeView "gun2.ply"}
					{bone "part7"
						{parameters "ID=part7;"}
						{Position 0	0	0}
						{VolumeView "part7.ply"}
					}
				}			
				{bone "antenna"
					{parameters "ID=turret;"}
					{Matrix34
						0	1	0
						-0.999417	0	-0.0341373
						-0.0341373	0	0.999417
						-16.6139	4.51401	9.48577
					}
					{VolumeView "antenna.ply"}
				}
				{bone revolute "mgun2"
					{parameters "ID=turret;"}
					{limits -15 15}
					{speed 0.01}
					{Matrix34
						0.998835	-0.034137	0.0341173
						0.0341372	0	-0.999417
						0.0341171	0.999417	0.00116502
						15.8159	-4.83858	5.83496
					}
					{VolumeView "mgun2.ply"}
				}
			}
			{bone "detail1"
				{Position 8.89717	22.2611	8.1062}
				{VolumeView "detail1.ply"}
			}
			{bone revolute "mgun_rot01"
				{limits -35 35}
				{Matrix34
					-0.0341169	-0.999417	-0.0011653
					0.034137	0	-0.999417
					0.998835	-0.0341368	0.0341171
					-6.92819	-44.9772	1.18707
				}
				{VolumeView "mgun_rot01.ply"}
				{bone revolute "mgun"
					{limits -15 15}
					{Matrix34
						-0.0341169	0.0341369	0.998835
						-0.999417	0	-0.0341368
						-0.00116414	-0.999417	0.0341171
						1.69007	0	0.0577235
					}
					{VolumeView "mgun.ply"}
				}
			}
			{bone "part3"
				{parameters "ID=body;"}
				{Position -19.4569	-34.6878	-1.68821}
				{VolumeView "part3.ply"}
			}
			{bone "part4"
				{parameters "ID=body;"}
				{Position -8.11613	45.5421	-0.685144}
				{VolumeView "part4.ply"}
			}
			{bone "part5"
				{parameters "ID=body;"}
				{Position 5.99318	45.5269	-0.250278}
				{VolumeView "part5.ply"}
			}
		}
		{bone "pivot_front"
			{Matrix34
				0	1	0
				-1	0	0
				0	0	1
				34.0405	0	11.9753
			}
			{bone revolute "steer_l1"
				{parameters "ID=body;"}
				{Matrix34
					0	-0.999971	0.00755556
					-1	0	0
					0	-0.00755556	-0.999971
					15.7033	0.0674744	0.00517845
				}
				{bone revolute "wheell1"
					{parameters "ID=wheelleft1;"}
					{Matrix34
						-0.999666	0.0246869	-0.00765403
						0.00755529	-0.00409059	-0.999963
						-0.0247173	-0.999687	0.00390271
						-0.00694275	-5.07756	-0.0473146
					}
					{VolumeView "wheell1.ply"}
				}
			}
			{bone revolute "steer_r1"
				{parameters "ID=body;"}
				{Matrix34
					0	-0.999971	0.00755732
					-1	0	0
					0	-0.00755732	-0.999971
					-15.3781	0.0674744	0.00517845
				}
				{bone revolute "wheelr1"
					{parameters "ID=wheelright1;"}
					{Matrix34
						-0.999312	0.0363188	-0.00748213
						0.00755693	0.00192271	-0.999969
						-0.0363033	-0.999338	-0.00219585
						-0.0466766	5.18896	0.0203218
					}
					{VolumeView "wheelr1.ply"}
				}
			}
		}
		{bone "pivot_back"
			{Matrix34
				0	1	0
				-1	0	0
				0	0	1
				-22.4078	0	11.9753
			}
			{bone revolute "wheelr2"
				{parameters "ID=wheelright2;"}
				{Matrix34
					-0.0363192	0.99934	-7.00076e-005
					-0.00192214	0	0.999998
					0.999338	0.0363193	0.00192086
					-20.5237	0.0202484	-0.376204
				}
				{VolumeView "wheelr2.ply"}
			}
			{bone revolute "wheell2"
				{parameters "ID=wheelleft2;"}
				{Matrix34
					-0.0246865	0.999695	0.000100938
					0.00408947	0	0.999992
					0.999687	0.0246867	-0.00408823
					20.8735	-0.0274773	-0.182569
				}
				{VolumeView "wheell2.ply"}
			}
		}
	}
}
{Volume "body"
	{Polyhedron "body.vol"}
	{Bone "body"}
	{Matrix34
		0.999417	0	0.0341373
		0	1	0
		-0.0341373	0	0.999417
		1.0539	-3.01581	-12.8026
	}
}
{Volume "gun"
	{Cylinder 0.99212 32.8562}
	{Bone "gun"}
	{Matrix34
		-0.999417	0	-0.0341372
		0.0341371	0	-0.999417
		0	-1	0
		-0.0250924	5.9339	0.187394
	}
}
{Volume "part3"
	{Polyhedron "part3.vol"}
	{Bone "part3"}
	{Position 0	0.0001297	-6.48499e-005}
}
{Volume "part4"
	{Polyhedron "part4.vol"}
	{Bone "part4"}
	{Position -3.24249e-005	-0.0001297	0}
}
{Volume "part5"
	{Polyhedron "part5.vol"}
	{Bone "part5"}
	{Position 0	-0.0001297	0}
}
{Volume "turret"
	{Polyhedron "turret.vol"}
	{Bone "turret"}
	{Matrix34
		0	1	0
		-0.999417	0	-0.0341373
		-0.0341373	0	0.999417
		-3.54899	-0.266479	-1.63497
	}
}
{Volume "wheelleft1"
	{Cylinder 11.8277 8.46922}
	{Bone "wheell1"}
	{Matrix34
		0.000379834	-0.999882	-0.0153831
		0.999695	0	0.024687
		-0.0246841	-0.0153878	0.999577
		0.132587	0.0649952	0.0571184
	}
}
{Volume "wheelleft2"
	{Cylinder 11.8277 8.46922}
	{Bone "wheell2"}
	{Matrix34
		0.000379831	-0.999882	-0.0153831
		0.999695	0	0.024687
		-0.0246841	-0.0153878	0.999577
		0.213532	0.299699	-0.0345144
	}
}
{Volume "wheelright1"
	{Cylinder 11.8277 8.46922}
	{Bone "wheelr1"}
	{Matrix34
		-0.000401158	-0.999939	0.0110405
		0.99934	0	0.0363192
		-0.036317	0.0110478	0.999279
		0.096143	0.132498	-0.0372934
	}
}
{Volume "wheelright2"
	{Cylinder 11.8277 8.46922}
	{Bone "wheelr2"}
	{Matrix34
		-0.000401635	-0.999939	0.0110405
		0.99934	0	0.0363192
		-0.036317	0.0110478	0.999279
		-0.0795543	0.49269	-0.091094
	}
}
{Volume "part7"
	{Polyhedron "part7.vol"}
	{Bone "part7"}
	{Matrix34
		0.999957	0.00563137	-0.00731296
		-0.00732737	0.00254402	-0.99997
		-0.0056126	0.999981	0.00258517
		17.4816	-4.95968	-0.00336468
	}
}