;Exported by: Jag
;Date:        Sat Nov 27 16:00:26 2010
;File:        E:\3D Work\Models\T-17.max
{Skeleton
	{animation
		{sequence "start" {speed 0.6}}
		{sequence "stop" {speed 0.6}}
		{sequence "fire"}
		{sequence "open" {resume}}
		{sequence "fire_mgun"}
	}
	{bone "basis"
		{parameters "Wheelradius=0.53;SteerMax=35;"}
		{Orientation
			1	0	0
			0	-1	0
			0	0	1
		}
		{bone "body"
			{parameters "ID=body;"}
			{Matrix34
				0	0.999417	-0.0341371
				-1	0	0
				0	0.0341371	0.999417
				0.0130694	-0.616242	21.7086
			}
			{VolumeView "body.ply"}
			{bone "detail2"
				{parameters "ID=body;"}
				{Matrix34
					0.999417	0	0.0341373
					0	1	0
					-0.0341373	0	0.999417
					-1.46886	-10.0854	3.76806
				}
				{VolumeView "detail2.ply"}
			}
			{bone "engine"
				{parameters "ID=engine;"}
				{Position 0.378452	27.497	9.23827}
				{VolumeView "engine.ply"}
			}
			{bone revolute "turret"
				{parameters "ID=turret;"}
				{speed 0.0065}
				{Matrix34
					0.0011655	-0.999417	-0.0341173
					0.999417	0	0.0341371
					-0.0341172	-0.0341372	0.998835
					0.486251	-7.43966	11.6224
				}
				{VolumeView "turret.ply"}
				{bone revolute "gun_rot"
					{parameters "ID=gun;"}
					{limits -40 7}
					{speed 0.01}
					{Matrix34
						0.998835	-0.0341369	0.0341171
						0.034137	0	-0.999417
						0.034117	0.999417	0.00116511
						15.6079	-2.93896	5.83877
					}
					{VolumeView "gun_rot.ply"}
					{bone "gun"
						{parameters "ID=gun;"}
						{Matrix34
							-0.0341169	0.0341369	0.998835
							-0.999417	0	-0.0341368
							-0.00116563	-0.999417	0.034117
							14.4622	-0.03722	0.491775
						}
						{VolumeView "gun.ply"}
						{bone prizmatic "foresight1"
							{Matrix34
								0	-1	0
								-0.0341374	0	0.999417
								-0.999417	0	-0.0341369
								0.063647	-10.651	0.257088
							}
						}
					}
				}
				{bone "cover1"
					{parameters "ID=turret;"}
					{Matrix34
						0.00116538	0.999417	-0.0341172
						-0.999417	0	-0.0341369
						-0.034117	0.0341372	0.998834
						-8.60013	2.3884	13.2623
					}
					{VolumeView "cover1.ply"}
				}
				{bone "cover2"
					{parameters "ID=turret;"}
					{Matrix34
						0.00116538	0.999417	-0.0341172
						-0.999417	0	-0.0341369
						-0.034117	0.0341372	0.998834
						-8.60128	-10.4588	13.2958
					}
					{VolumeView "cover2.ply"}
				}
				{bone "antenna"
					{parameters "ID=turret;"}
					{Matrix34
						0	1	0
						-0.999417	0	-0.0341373
						-0.0341373	0	0.999417
						-16.6139	4.51401	9.48577
					}
					{VolumeView "antenna.ply"}
				}
				{bone "visor1"
					{Matrix34
						0.999417	0	0.0341372
						0	1	0
						-0.0341372	0	0.999417
						10.3677	5.29555	7.79064
					}
				}
				{bone revolute "mgun2"
					{parameters "ID=turret;"}
					{limits -15 15}
					{speed 0.01}
					{Matrix34
						0.998835	-0.034137	0.0341173
						0.0341372	0	-0.999417
						0.0341171	0.999417	0.00116502
						15.8159	-4.83858	5.83496
					}
					{VolumeView "mgun2.ply"}
					{bone "foresight5"
						{Matrix34
							0.999417	0	0.0341358
							0.0341358	0	-0.999417
							0	1	0
							5.97346	-0.0329056	0.175212
						}
					}
				}
				{bone "gun2"
					{parameters "ID=gun2;"}
					{Matrix34
						0.999606	-0.0155848	-0.0233595
						0.0233729	0.000676613	0.999727
						-0.0155648	-0.999878	0.00104061
						-15.6348	-0.159509	14.1025
					}
					{VolumeView "gun2.ply"}
					{bone revolute "foresight6"
						;{limits 0 10}
						;{speed 0.005}
						{Matrix34
							0.999925	0.00563672	0.0108398
							-0.00570004	0.999967	0.00581895
							-0.0108067	-0.0058803	0.999924
							68.9681	4.73074	1.48182
						}
					}
					{bone "shooter02"
						{Matrix34
							0.999925	0.00561637	0.0108393
							0.0108175	0.00388774	-0.999934
							-0.00565814	0.999977	0.0038267
							34.9749	1.97276	-18.9248
						}
						{bone "rocket02"
							{Matrix34
								0.992544	-0.0141297	0.121067
								-0.0158482	-0.999787	0.0132492
								-0.120855	0.0150692	0.992556
								-39.8481	-0.337633	-4.57092
							}
							{VolumeView "rocket02.ply"}
						}
					}
					{bone "shooter01"
						{Matrix34
							0.999925	0.00561637	0.0108393
							0.0108175	0.00388774	-0.999934
							-0.00565814	0.999977	0.0038267
							34.5197	1.94666	23.0738
						}
						{bone "rocket01"
							{Matrix34
								0.99247	0.00427297	0.122412
								0.00273519	-0.999915	0.0127276
								-0.122457	0.012297	0.992398
								-39.7598	-0.208033	-4.96729
							}
							{VolumeView "rocket01.ply"}
						}
					}
					{bone "shooter03"
						{Matrix34
							0.999925	0.00561637	0.0108393
							0.0108175	0.00388774	-0.999934
							-0.00565814	0.999977	0.0038267
							34.5693	1.9495	18.4958
						}
						{bone "rocket03"
							{Matrix34
								0.991653	0.0199773	0.127381
								0.0191233	-0.999786	0.00792537
								-0.127512	0.00542327	0.991822
								-39.7909	-0.342037	-4.96172
							}
							{VolumeView "rocket03.ply"}
						}
					}
					{bone "shooter00"
						{Matrix34
							0.999925	0.00561637	0.0108393
							0.0108175	0.00388774	-0.999934
							-0.00565814	0.999977	0.0038267
							35.0278	1.97579	-23.808
						}
						{bone "rocket00"
							{Matrix34
								0.99247	0.00427297	0.122412
								0.00273519	-0.999915	0.0127276
								-0.122457	0.012297	0.992398
								-39.888	-0.422411	-4.56348
							}
							{VolumeView "rocket00.ply"}
						}
					}
				}
			}
			{bone "detail1"
				{Position 8.89717	22.2611	8.1062}
				{VolumeView "detail1.ply"}
			}
			{bone "headlightr"
				{Matrix34
					0	-1	0
					0.999417	0	0.0341371
					-0.0341371	0	0.999417
					-7.77431	-49.732	-2.19393
				}
			}
			{bone "fxfire1"
				{Matrix34
					0	1	0
					-0.999417	0	-0.0341373
					-0.0341373	0	0.999417
					0.269515	25.7961	10.1616
				}
			}
			{bone "fxsmoke2"
				{Matrix34
					0.00883512	0.965926	-0.258668
					-0.999417	0	-0.0341373
					-0.0329742	0.258819	0.965363
					-7.96425	52.8874	-7.80868
				}
			}
			{bone "fxsmoke1"
				{Matrix34
					0.00883512	0.965926	-0.258668
					-0.999417	0	-0.0341373
					-0.0329742	0.258819	0.965363
					6.32133	52.8874	-7.32073
				}
			}
			{bone "fxlight"
				{Matrix34
					0	-1	0
					0.999417	0	0.0341371
					-0.0341371	0	0.999417
					0.680846	-49.433	-1.87875
				}
			}
			{bone "headlightl"
				{Matrix34
					0	-1	0
					0.999417	0	0.0341371
					-0.0341371	0	0.999417
					9.06278	-49.732	-1.6188
				}
			}
			{bone "visor2"
				{Matrix34
					0	-1	0
					0.999417	0	0.0341368
					-0.0341368	0	0.999417
					4.95617	-30.9599	12.4978
				}
			}
			{bone revolute "mgun_rot01"
				{limits -35 35}
				{Matrix34
					-0.0341169	-0.999417	-0.0011653
					0.034137	0	-0.999417
					0.998835	-0.0341368	0.0341171
					-6.92819	-44.9772	1.18707
				}
				{VolumeView "mgun_rot01.ply"}
				{bone revolute "mgun"
					{limits -15 15}
					{Matrix34
						-0.0341169	0.0341369	0.998835
						-0.999417	0	-0.0341368
						-0.00116414	-0.999417	0.0341171
						1.69007	0	0.0577235
					}
					{VolumeView "mgun.ply"}
					{bone "foresight4"
						{Matrix34
							0	-1	0
							-0.0341367	0	0.999417
							-0.999417	0	-0.0341368
							0.062686	-5.7027	0.058321
						}
					}
				}
			}
		}
		{bone "pivot_front"
			{Matrix34
				0	1	0
				-1	0	0
				0	0	1
				34.0405	0	11.9753
			}
			{bone revolute "steer_l1"
				{parameters "ID=body;"}
				{Matrix34
					0	-0.999971	0.00755556
					-1	0	0
					0	-0.00755556	-0.999971
					15.7033	0.0674744	0.00517845
				}
				{bone revolute "wheell1"
					{parameters "ID=wheelleft1;"}
					{Matrix34
						-0.999666	0.0246869	-0.00765403
						0.00755529	-0.00409059	-0.999963
						-0.0247173	-0.999687	0.00390271
						-0.00694275	-5.07756	-0.0473146
					}
					{VolumeView "wheell1.ply"}
				}
			}
			{bone revolute "steer_r1"
				{parameters "ID=body;"}
				{Matrix34
					0	-0.999971	0.00755732
					-1	0	0
					0	-0.00755732	-0.999971
					-15.3781	0.0674744	0.00517845
				}
				{bone revolute "wheelr1"
					{parameters "ID=wheelright1;"}
					{Matrix34
						-0.999312	0.0363188	-0.00748213
						0.00755693	0.00192271	-0.999969
						-0.0363033	-0.999338	-0.00219585
						-0.0466766	5.18896	0.0203218
					}
					{VolumeView "wheelr1.ply"}
				}
			}
			{bone "fxtracel1"
				{Matrix34
					0	1	0
					-1	0	0
					0	0	1
					20.9708	0.661964	-11.6815
				}
			}
			{bone "fxtracer1"
				{Matrix34
					0	1	0
					-1	0	0
					0	0	1
					-20.4784	0.738968	-11.6911
				}
			}
		}
		{bone "pivot_back"
			{Matrix34
				0	1	0
				-1	0	0
				0	0	1
				-22.4078	0	11.9753
			}
			{bone revolute "wheelr2"
				{parameters "ID=wheelright2;"}
				{Matrix34
					-0.0363192	0.99934	-7.00076e-005
					-0.00192214	0	0.999998
					0.999338	0.0363193	0.00192086
					-20.5237	0.0202484	-0.376204
				}
				{VolumeView "wheelr2.ply"}
			}
			{bone revolute "wheell2"
				{parameters "ID=wheelleft2;"}
				{Matrix34
					-0.0246865	0.999695	0.000100938
					0.00408947	0	0.999992
					0.999687	0.0246867	-0.00408823
					20.8735	-0.0274773	-0.182569
				}
				{VolumeView "wheell2.ply"}
			}
			{bone "fxtracer2"
				{Matrix34
					0	0.984808	0.173648
					-1	0	0
					0	-0.173648	0.984808
					-20.4784	1.37234	-11.2415
				}
			}
			{bone "fxtracel2"
				{Matrix34
					0	0.984808	0.173648
					-1	0	0
					0	-0.173648	0.984808
					20.9708	1.37234	-11.6849
				}
			}
		}
		{bone "emit1"
			{Matrix34
				0	-1	0
				1	0	0
				0	0	1
				13.7436	37.5403	-4.19617e-005
			}
			{visibility 0}
		}
		{bone "emit2"
			{Matrix34
				0	1	0
				-1	0	0
				0	0	1
				13.7434	-37.4402	0.000961304
			}
			{visibility 0}
		}
	}
}
{Volume "body"
	{Polyhedron "body.vol"}
	{Bone "body"}
	{Matrix34
		0.999417	0	0.0341373
		0	1	0
		-0.0341373	0	0.999417
		1.0539	-3.01581	-12.8026
	}
}
{Volume "engine"
	{Polyhedron "engine.vol"}
	{Bone "engine"}
	{Matrix34
		0.999417	0	0.0341373
		0.00297526	0.996195	-0.0871049
		-0.0340074	0.0871557	0.995614
		0.00489676	-0.64747	-2.4096
	}
}
{Volume "gun"
	{Cylinder 0.99212 32.8562}
	{Bone "gun"}
	{Matrix34
		-0.999417	0	-0.0341372
		0.0341371	0	-0.999417
		0	-1	0
		-0.0250924	5.9339	0.187394
	}
}
{Volume "inventory"
	{Box 14.6266 28.3106 15.6401}
	{Bone "body"}
	{Matrix34
		0	-1	0
		0.999417	0	0.0341371
		-0.0341371	0	0.999417
		-0.876202	10.0848	-0.099021
	}
}
{Volume "turret"
	{Polyhedron "turret.vol"}
	{Bone "turret"}
	{Matrix34
		0	1	0
		-0.999417	0	-0.0341373
		-0.0341373	0	0.999417
		-3.54899	-0.266479	-1.63497
	}
}
{Volume "wheelleft1"
	{Cylinder 11.8277 8.46922}
	{Bone "wheell1"}
	{Matrix34
		0.000379834	-0.999882	-0.0153831
		0.999695	0	0.024687
		-0.0246841	-0.0153878	0.999577
		0.132587	0.0649952	0.0571184
	}
}
{Volume "wheelleft2"
	{Cylinder 11.8277 8.46922}
	{Bone "wheell2"}
	{Matrix34
		0.000379831	-0.999882	-0.0153831
		0.999695	0	0.024687
		-0.0246841	-0.0153878	0.999577
		0.213532	0.299699	-0.0345144
	}
}
{Volume "wheelright1"
	{Cylinder 11.8277 8.46922}
	{Bone "wheelr1"}
	{Matrix34
		-0.000401158	-0.999939	0.0110405
		0.99934	0	0.0363192
		-0.036317	0.0110478	0.999279
		0.096143	0.132498	-0.0372934
	}
}
{Volume "wheelright2"
	{Cylinder 11.8277 8.46922}
	{Bone "wheelr2"}
	{Matrix34
		-0.000401635	-0.999939	0.0110405
		0.99934	0	0.0363192
		-0.036317	0.0110478	0.999279
		-0.0795543	0.49269	-0.091094
	}
}
